43,1,0,CA2@1200_C,,,,,,,,,,,,
1200,50,62,0,14.7,0,0,0,0,0,23.3,0,0,0,2.764964147,0.0001
1200,100,62,0,14.7,0,0,0,0,0,23.3,0,0,0,2.764964147,0.0001
1200,250,62,0,14.7,0,0,0,0,0,23.3,0,0,0,2.764964147,0.0001
1200,500,62,0,14.7,0,0,0,0,0,23.3,0,0,0,2.764964147,0.0001
1200,1000,62,0,14.7,0,0,0,0,0,23.3,0,0,0,3.843074045,0.0001
1200,1500,62,0,14.7,0,0,0,0,0,23.3,0,0,0,4.659315297,0.0001
1200,2000,62,0,14.7,0,0,0,0,0,23.3,0,0,0,5.341558636,0.0001
1200,2500,62,0,14.7,0,0,0,0,0,23.3,0,0,0,5.938821284,0.0001
1200,3000,62,0,14.7,0,0,0,0,0,23.3,0,0,0,6.476067223,0.0001
1200,3500,62,0,14.7,0,0,0,0,0,23.3,0,0,0,6.96804703,0.0001
1200,4000,62,0,14.7,0,0,0,0,0,23.3,0,0,0,7.42432967,0.0001
1200,4500,62,0,14.7,0,0,0,0,0,23.3,0,0,0,7.851537264,0.0001
1200,5000,62,0,14.7,0,0,0,0,0,23.3,0,0,0,8.254475907,0.0001
1200,5500,62,0,14.7,0,0,0,0,0,23.3,0,0,0,8.636763544,0.0001
1200,6000,62,0,14.7,0,0,0,0,0,23.3,0,0,0,9.001203826,0.0001
1200,6500,62,0,14.7,0,0,0,0,0,23.3,0,0,0,9.350021222,0.0001
1200,7000,62,0,14.7,0,0,0,0,0,23.3,0,0,0,9.685015524,0.0001
1200,7500,62,0,14.7,0,0,0,0,0,23.3,0,0,0,10.00766714,0.0001
1200,8000,62,0,14.7,0,0,0,0,0,23.3,0,0,0,10.31921108,0.0001
1200,8500,62,0,14.7,0,0,0,0,0,23.3,0,0,0,10.62069022,0.0001
1200,9000,62,0,14.7,0,0,0,0,0,23.3,0,0,0,10.9129947,0.0001
1200,9500,62,0,14.7,0,0,0,0,0,23.3,0,0,0,11.19689137,0.0001
1200,10000,62,0,14.7,0,0,0,0,0,23.3,0,0,0,11.47304646,0.0001
1200,10500,62,0,14.7,0,0,0,0,0,23.3,0,0,0,11.74204308,0.0001
1200,11000,62,0,14.7,0,0,0,0,0,23.3,0,0,0,12.00439501,0.0001
1200,11500,62,0,14.7,0,0,0,0,0,23.3,0,0,0,12.26055772,0.0001
1200,12000,62,0,14.7,0,0,0,0,0,23.3,0,0,0,12.5109372,0.0001
1200,12500,62,0,14.7,0,0,0,0,0,23.3,0,0,0,12.75589713,0.0001
1200,13000,62,0,14.7,0,0,0,0,0,23.3,0,0,0,12.99576485,0.0001
1200,13500,62,0,14.7,0,0,0,0,0,23.3,0,0,0,13.23083618,0.0001
1200,14000,62,0,14.7,0,0,0,0,0,23.3,0,0,0,13.46137954,0.0001
1200,14500,62,0,14.7,0,0,0,0,0,23.3,0,0,0,13.68763934,0.0001
1200,15000,62,0,14.7,0,0,0,0,0,23.3,0,0,0,13.9098389,0.0001
1200,15500,62,0,14.7,0,0,0,0,0,23.3,0,0,0,14.12818291,0.0001
1200,16000,62,0,14.7,0,0,0,0,0,23.3,0,0,0,14.34285949,0.0001
1200,16500,62,0,14.7,0,0,0,0,0,23.3,0,0,0,14.55404206,0.0001
1200,17000,62,0,14.7,0,0,0,0,0,23.3,0,0,0,14.76189085,0.0001
1200,17500,62,0,14.7,0,0,0,0,0,23.3,0,0,0,14.96655429,0.0001
1200,18000,62,0,14.7,0,0,0,0,0,23.3,0,0,0,15.16817016,0.0001
1200,18500,62,0,14.7,0,0,0,0,0,23.3,0,0,0,15.36686667,0.0001
1200,19000,62,0,14.7,0,0,0,0,0,23.3,0,0,0,15.56276332,0.0001
1200,19500,62,0,14.7,0,0,0,0,0,23.3,0,0,0,15.75597172,0.0001
1200,20000,62,0,14.7,0,0,0,0,0,23.3,0,0,0,15.94659631,0.0001